1305031453.359683990 0 0 0 0 0 0 1 
1305031453.391690016 -0.00111824 0.00144623 -0.00936164 -0.00207275 0.00786191 0.0109568 0.999907 
1305031453.423682928 0.00361108 0.00358019 -0.01791 -0.00102854 0.0119292 0.0202714 0.999723 
1305031453.459685087 0.00927079 0.00831296 -0.0283028 0.00302721 0.0176366 0.0291135 0.999416 
1305031453.491698027 0.00876356 0.0122117 -0.0397211 0.00703878 0.0258102 0.0387536 0.998891 
1305031453.523684025 0.00766604 0.0176242 -0.0523873 0.014152 0.0319045 0.0473541 0.998268 
1305031453.559752941 0.00741385 0.0229529 -0.0659697 0.0215436 0.0352186 0.0538985 0.997693 
1305031453.591639996 0.00554682 0.0319796 -0.080986 0.0301543 0.0386173 0.0580333 0.997112 
1305031453.627706051 -0.00491786 0.0372025 -0.0947677 0.0372978 0.042699 0.0613044 0.996508 
1305031453.659600019 -0.0123231 0.046818 -0.109108 0.0463239 0.0394673 0.0597174 0.996358 
1305031453.691678047 -0.0165821 0.0598576 -0.124328 0.0548764 0.0336322 0.0556645 0.996373 
1305031453.727652073 -0.0260961 0.0690834 -0.138269 0.0595513 0.0293508 0.0505803 0.996511 
1305031453.759694099 -0.0411273 0.0743428 -0.149844 0.0638634 0.0235475 0.0419185 0.9968 
1305031453.791716099 -0.0449974 0.0863023 -0.163605 0.0698691 0.0130793 0.0338372 0.996896 
1305031453.827773094 -0.0562681 0.0920659 -0.175402 0.072027 0.0061772 0.0274626 0.997005 
1305031453.859704971 -0.0732409 0.0990455 -0.186119 0.0738194 -0.00430405 0.0203931 0.997054 
1305031453.891710043 -0.0850553 0.106523 -0.196567 0.0735747 -0.0204855 0.013686 0.996985 
1305031453.927722931 -0.0977595 0.111256 -0.203798 0.070763 -0.0388295 0.00934864 0.996693 
1305031453.959640980 -0.0996381 0.116103 -0.210283 0.0683488 -0.0586224 0.00122199 0.995937 
1305031453.991624117 -0.110181 0.116037 -0.213159 0.0660711 -0.0710986 -0.00959407 0.995232 
1305031454.027662039 -0.123236 0.116997 -0.218719 0.0676536 -0.0828496 -0.0198046 0.994066 
1305031454.059653997 -0.132518 0.123189 -0.223456 0.0692421 -0.0952787 -0.0314561 0.992541 
1305031454.091650963 -0.147934 0.122269 -0.224027 0.0687139 -0.106096 -0.0450046 0.990957 
1305031454.127701044 -0.164446 0.122672 -0.227294 0.0713135 -0.118763 -0.0585457 0.988626 
1305031454.159672022 -0.177584 0.131286 -0.232929 0.0736429 -0.132935 -0.0719561 0.985762 
1305031454.191658020 -0.193212 0.134207 -0.234074 0.071515 -0.148024 -0.0863489 0.982608 
1305031454.227670908 -0.203927 0.123381 -0.232189 0.0698467 -0.166052 -0.103991 0.978128 
1305031454.259627104 -0.207808 0.128375 -0.234086 0.0759741 -0.180264 -0.119705 0.973346 
1305031454.291639090 -0.218313 0.137495 -0.236082 0.0764872 -0.186423 -0.131699 0.970593 
1305031454.327698946 -0.233524 0.130019 -0.23884 0.0743729 -0.195233 -0.145824 0.966999 
1305031454.359636068 -0.240064 0.134657 -0.240785 0.08099 -0.206328 -0.159476 0.961996 
1305031454.391676903 -0.250365 0.145363 -0.24506 0.0845031 -0.2117 -0.170613 0.95861 
1305031454.427464962 -0.262437 0.147299 -0.248193 0.0854958 -0.223164 -0.185996 0.953044 
1305031454.459913015 -0.260933 0.150493 -0.244477 0.0885874 -0.235792 -0.201324 0.946585 
1305031454.491616964 -0.267329 0.156558 -0.246317 0.0908752 -0.240189 -0.217602 0.941648 
1305031454.527699947 -0.271459 0.166612 -0.247422 0.0917285 -0.246257 -0.23306 0.936283 
1305031454.559575081 -0.278041 0.175452 -0.249958 0.0895469 -0.251353 -0.246273 0.931747 
1305031454.591634989 -0.286479 0.182268 -0.252036 0.0869688 -0.261124 -0.263745 0.924494 
1305031454.627579927 -0.287879 0.185545 -0.254051 0.0839695 -0.275194 -0.277131 0.916742 
1305031454.659528017 -0.286949 0.195456 -0.257002 0.0791948 -0.287495 -0.284608 0.911083 
1305031454.691884041 -0.289356 0.199635 -0.258873 0.0715378 -0.301293 -0.292052 0.904882 
1305031454.727658987 -0.284306 0.200856 -0.255354 0.0658392 -0.317461 -0.296918 0.898178 
1305031454.759732008 -0.276608 0.205353 -0.250117 0.0591284 -0.326838 -0.292146 0.896845 
1305031454.791640997 -0.271841 0.210739 -0.249077 0.0536664 -0.330629 -0.285131 0.898056 
1305031454.827569962 -0.262981 0.219797 -0.245499 0.049228 -0.333936 -0.277858 0.899365 
1305031454.859620094 -0.258002 0.224959 -0.24364 0.0427802 -0.331751 -0.270962 0.902602 
1305031454.891763926 -0.254667 0.232543 -0.244549 0.0388613 -0.326652 -0.264042 0.906681 
1305031454.927567005 -0.252605 0.243335 -0.247767 0.0360554 -0.320013 -0.25825 0.910823 
1305031454.959647894 -0.25459 0.252539 -0.252361 0.0325598 -0.313357 -0.252374 0.914907 
1305031454.991936922 -0.259972 0.261233 -0.260119 0.0295264 -0.308138 -0.246989 0.918246 
1305031455.027798891 -0.259962 0.274144 -0.263628 0.0301029 -0.307278 -0.243632 0.919412 
1305031455.059636116 -0.264496 0.281859 -0.266717 0.0286768 -0.303767 -0.241861 0.92109 
1305031455.091700077 -0.270261 0.291038 -0.272447 0.0311746 -0.299328 -0.241588 0.922532 
1305031455.127695084 -0.275476 0.304919 -0.277898 0.0338545 -0.293862 -0.239826 0.924652 
1305031455.159719944 -0.285444 0.31608 -0.284782 0.0332543 -0.287782 -0.235785 0.927621 
1305031455.191654921 -0.295425 0.325602 -0.289362 0.030058 -0.283406 -0.230273 0.930458 
1305031455.227581024 -0.305655 0.33229 -0.294662 0.0291312 -0.279421 -0.224882 0.933008 
1305031455.259630919 -0.310881 0.350402 -0.29913 0.0300327 -0.274561 -0.2179 0.936074 
1305031455.291831017 -0.32543 0.35742 -0.304023 0.0220919 -0.2672 -0.208785 0.940492 
1305031455.327765942 -0.338214 0.366103 -0.314436 0.0159981 -0.262527 -0.198495 0.944152 
1305031455.359630108 -0.343244 0.37809 -0.317238 0.00949722 -0.261282 -0.192076 0.945912 
1305031455.391664982 -0.355073 0.378352 -0.320384 -0.00254606 -0.253773 -0.184579 0.949486 
1305031455.427642107 -0.371279 0.381783 -0.328476 -0.0112005 -0.244885 -0.174684 0.95362 
1305031455.459589005 -0.386458 0.381105 -0.335138 -0.0180446 -0.240323 -0.16605 0.956215 
1305031455.491636992 -0.399262 0.386752 -0.343935 -0.0224372 -0.235664 -0.155082 0.959119 
1305031455.527610064 -0.418938 0.384659 -0.353141 -0.0293683 -0.230179 -0.142128 0.962266 
1305031455.559669018 -0.438 0.386413 -0.365096 -0.0323977 -0.228635 -0.12874 0.964418 
1305031455.591645002 -0.451338 0.39318 -0.376539 -0.0343566 -0.228899 -0.114054 0.966135 
1305031455.627616882 -0.466015 0.388433 -0.380862 -0.0418115 -0.228059 -0.100768 0.967516 
1305031455.659615040 -0.483045 0.38408 -0.391667 -0.0413222 -0.225242 -0.0949271 0.968786 
1305031455.691605091 -0.499042 0.387496 -0.405112 -0.0359873 -0.222219 -0.0958579 0.969606 
1305031455.727627993 -0.513487 0.386121 -0.416628 -0.0334294 -0.218446 -0.100212 0.970114 
1305031455.759682894 -0.527961 0.383646 -0.429095 -0.0322504 -0.212365 -0.103473 0.971161 
1305031455.791666031 -0.545591 0.373492 -0.441531 -0.0325922 -0.205848 -0.103152 0.972586 
1305031455.827589989 -0.561929 0.37246 -0.458239 -0.0291721 -0.200847 -0.102978 0.973758 
1305031455.859525919 -0.575262 0.368777 -0.470368 -0.0287791 -0.198302 -0.104152 0.974167 
1305031455.891657114 -0.586058 0.363776 -0.482735 -0.0291676 -0.195288 -0.104478 0.974729 
1305031455.927954912 -0.598101 0.35812 -0.492686 -0.0302753 -0.191203 -0.105669 0.975376 
1305031455.959716082 -0.609675 0.358098 -0.505073 -0.0285933 -0.186477 -0.108117 0.976074 
1305031455.991693974 -0.620458 0.355314 -0.514873 -0.0305171 -0.180914 -0.110886 0.976751 
1305031456.027770042 -0.6334 0.362246 -0.526105 -0.0321752 -0.172088 -0.11621 0.977674 
1305031456.059712887 -0.648023 0.353135 -0.531583 -0.0428121 -0.165644 -0.124489 0.977359 
1305031456.091706991 -0.661572 0.341978 -0.535772 -0.0500662 -0.160535 -0.129847 0.97717 
1305031456.127645016 -0.673865 0.333932 -0.541222 -0.0524721 -0.155448 -0.131537 0.97764 
1305031456.159730911 -0.683756 0.323025 -0.542758 -0.0549254 -0.149875 -0.132059 0.978305 
1305031456.191658020 -0.695389 0.31429 -0.546357 -0.0507498 -0.140937 -0.129933 0.980142 
1305031456.227678061 -0.702658 0.321767 -0.552587 -0.0443346 -0.13042 -0.126402 0.982368 
1305031456.291675091 -0.730692 0.306006 -0.550395 -0.0445597 -0.104996 -0.119907 0.986211 
1305031456.327718019 -0.745021 0.301587 -0.550371 -0.0397852 -0.0919451 -0.113131 0.988516 
1305031456.391618967 -0.769178 0.297184 -0.542914 -0.034605 -0.0658163 -0.103778 0.991817 
1305031456.427661896 -0.79067 0.301879 -0.540078 -0.025939 -0.0516779 -0.0973887 0.993565 
1305031456.491677046 -0.829483 0.320517 -0.536522 -0.0272832 -0.0402655 -0.0865268 0.995062 
1305031456.527641058 -0.841479 0.31952 -0.525063 -0.0343282 -0.0422104 -0.0807036 0.995252 
1305031456.591650963 -0.862706 0.318788 -0.512364 -0.0379336 -0.0371609 -0.0699152 0.996139 
1305031456.627612114 -0.871488 0.335143 -0.500334 -0.0471633 -0.0321775 -0.0629657 0.996381 
1305031456.691612005 -0.907831 0.313385 -0.47775 -0.0656188 -0.0191216 -0.0490095 0.996457 
1305031456.727693081 -0.922626 0.33296 -0.466462 -0.064173 -0.0187557 -0.037139 0.997071 
1305031456.791649103 -0.961906 0.317628 -0.448483 -0.0750545 -0.0167617 -0.0241062 0.996747 
1305031456.827603102 -0.959389 0.338733 -0.437555 -0.0697153 -0.0293442 -0.0138307 0.997039 
1305031456.891671896 -0.979356 0.334738 -0.420676 -0.078682 -0.0254695 -0.00403249 0.996566 
1305031456.927690029 -0.992997 0.337664 -0.402566 -0.0763729 -0.0195759 0.00331889 0.996882 
1305031456.959666967 -1.00625 0.354307 -0.398494 -0.0745465 -0.0127649 0.00858183 0.997099 
1305031456.991708994 -1.02029 0.351058 -0.389397 -0.0844363 -0.00693695 0.0109115 0.996345 
1305031457.027647972 -1.03348 0.350382 -0.3834 -0.0875641 -0.00190124 0.014903 0.996046 
1305031457.091655016 -1.05391 0.359306 -0.383467 -0.0951383 0.00835955 0.0246567 0.995124 
1305031457.127631903 -1.06583 0.348015 -0.377712 -0.103877 0.0152366 0.0297966 0.994027 
1305031457.191735029 -1.09163 0.351153 -0.384879 -0.100314 0.0311783 0.042801 0.993546 
1305031457.227543116 -1.10734 0.346098 -0.389557 -0.105027 0.0397573 0.0484572 0.992492 
1305031457.291656017 -1.12394 0.325989 -0.388195 -0.108613 0.0504681 0.0589144 0.991053 
1305031457.327548027 -1.14809 0.338343 -0.411639 -0.09301 0.0662001 0.0648078 0.991346 
1305031457.391684055 -1.16596 0.322029 -0.412761 -0.0951124 0.0827227 0.0780756 0.988946 
1305031457.427640915 -1.1997 0.321653 -0.43582 -0.0866514 0.0998992 0.0854668 0.987526 
1305031457.491704941 -1.22451 0.308834 -0.442051 -0.087597 0.104679 0.0953337 0.986043 
1305031457.527637959 -1.23441 0.298847 -0.450967 -0.0860656 0.10648 0.0996721 0.985556 
1305031457.559684992 -1.2487 0.293234 -0.460727 -0.0823258 0.111903 0.103438 0.984886 
1305031457.591677904 -1.26745 0.291049 -0.470861 -0.0782883 0.117754 0.106846 0.984169 
1305031457.627526045 -1.2872 0.281343 -0.486829 -0.0757207 0.121763 0.108884 0.983659 
1305031457.659631968 -1.30419 0.283649 -0.496148 -0.0706415 0.124579 0.113047 0.983214 
1305031457.691570044 -1.32055 0.277782 -0.500767 -0.0755175 0.126056 0.11499 0.982438 
1305031457.727669001 -1.33004 0.256774 -0.501924 -0.0812146 0.12683 0.114202 0.981976 
1305031457.759556055 -1.34339 0.24327 -0.505939 -0.0801726 0.129694 0.112361 0.9819 
1305031457.791567087 -1.35115 0.221097 -0.508958 -0.0777209 0.134131 0.111098 0.981644 
1305031457.827698946 -1.36568 0.220711 -0.518966 -0.0670427 0.142383 0.111401 0.981235 
1305031457.859622955 -1.38011 0.219003 -0.522934 -0.0616182 0.151366 0.111532 0.980231 
1305031457.891592979 -1.39541 0.194269 -0.520578 -0.058468 0.160526 0.111283 0.978994 
1305031457.927633047 -1.41619 0.193014 -0.522356 -0.0438183 0.166987 0.114732 0.97828 
1305031457.991643906 -1.44009 0.174489 -0.517768 -0.0346885 0.16936 0.121581 0.977411 
1305031458.027844906 -1.44711 0.161063 -0.51343 -0.0282117 0.17161 0.123769 0.976952 
1305031458.059689045 -1.46393 0.166817 -0.513629 -0.0161326 0.177208 0.125669 0.975984 
1305031458.091690063 -1.48149 0.167623 -0.506754 -0.0145204 0.183165 0.127276 0.9747 
1305031458.127604961 -1.49807 0.15836 -0.496321 -0.0158675 0.18855 0.12771 0.973595 
1305031458.159637928 -1.51935 0.150298 -0.483573 -0.0134733 0.194133 0.129225 0.972333 
1305031458.191646099 -1.54741 0.156188 -0.474716 -0.00953571 0.198439 0.131614 0.971189 
1305031458.227611065 -1.57076 0.173489 -0.468459 -0.00441484 0.198165 0.132755 0.971127 
1305031458.259933949 -1.57802 0.146498 -0.441152 -0.00977631 0.195925 0.131347 0.971733 
1305031458.291663885 -1.58988 0.113781 -0.419801 -0.0166312 0.194093 0.131545 0.971981 
1305031458.327627897 -1.60305 0.11017 -0.405227 -0.013905 0.188849 0.133463 0.972795 
1305031458.359590054 -1.60997 0.0912347 -0.382933 -0.00916176 0.185098 0.134115 0.973482 
1305031458.391625881 -1.62137 0.0905636 -0.369238 0.00287642 0.183193 0.137824 0.973364 
1305031458.427598000 -1.62412 0.0878861 -0.355634 0.0108672 0.182146 0.146922 0.972172 
1305031458.459636927 -1.61603 0.0806746 -0.338976 0.0225964 0.18447 0.152545 0.970665 
1305031458.491695881 -1.60206 0.0687128 -0.321608 0.0381196 0.18974 0.15481 0.968803 
1305031458.527736902 -1.62807 0.0992861 -0.309531 0.0654112 0.204602 0.14955 0.96514 
1305031458.559628010 -1.63527 0.106532 -0.289701 0.0746264 0.214503 0.146706 0.962755 
1305031458.591640949 -1.64854 0.108349 -0.26599 0.0841318 0.223481 0.140173 0.9609 
1305031458.627659082 -1.66591 0.14097 -0.245484 0.0941689 0.226787 0.133778 0.960106 
1305031458.659622908 -1.68952 0.155308 -0.212701 0.0948044 0.230842 0.130819 0.959485 
1305031458.691673994 -1.68949 0.158798 -0.186812 0.0894602 0.216346 0.12477 0.96417 
1305031458.727649927 -1.67474 0.148408 -0.163179 0.0830862 0.197103 0.117218 0.969797 
1305031458.759944916 -1.68146 0.15273 -0.143706 0.0887318 0.183961 0.105697 0.973197 
1305031458.791631937 -1.67418 0.168537 -0.130519 0.0901631 0.164998 0.0970882 0.977354 
1305031458.827564001 -1.66604 0.165571 -0.118556 0.0824266 0.15394 0.0948873 0.980053 
1305031458.891664982 -1.65798 0.157545 -0.102217 0.0871425 0.14896 0.0851832 0.981306 
1305031458.927620888 -1.66754 0.16437 -0.0961156 0.0878269 0.15546 0.0919296 0.979626 
1305031458.959616899 -1.67223 0.155935 -0.0876224 0.0797584 0.161084 0.105663 0.978021 
1305031458.991647005 -1.68461 0.129379 -0.0699531 0.0770965 0.169576 0.105912 0.976772 
1305031459.027664900 -1.71027 0.115021 -0.0538869 0.0841597 0.173952 0.107688 0.975224 
1305031459.059631109 -1.72747 0.110451 -0.0407796 0.0970706 0.165673 0.115716 0.974546 
1305031459.127618074 -1.80956 0.0696746 -0.00526136 0.109526 0.16243 0.133514 0.971491 
1305031459.159638882 -1.81283 0.0708105 0.00419068 0.122395 0.130294 0.134094 0.974711 
1305031459.191673994 -1.81655 0.0747564 0.0131497 0.131946 0.10555 0.139512 0.975698 
1305031459.227607012 -1.81732 0.0805649 0.0272468 0.138137 0.0885275 0.150368 0.974921 
1305031459.259759903 -1.81305 0.089685 0.0413556 0.140859 0.0823846 0.160458 0.97346 
1305031459.327631950 -1.804 0.0993169 0.0424564 0.138265 0.0937604 0.18413 0.968601 
1305031459.359651089 -1.81793 0.108852 0.0582701 0.145431 0.122112 0.203778 0.960423 
1305031459.391666889 -1.83937 0.135272 0.073666 0.148288 0.1532 0.228168 0.949989 
1305031459.427645922 -1.84285 0.138819 0.0810865 0.136772 0.18677 0.266069 0.935745 
1305031459.459678888 -1.86634 0.132129 0.0829452 0.134276 0.226479 0.306087 0.91487 
1305031459.527594090 -1.90808 0.158697 0.0735562 0.127247 0.25392 0.35295 0.891493 
1305031459.559647083 -1.91841 0.148932 0.091696 0.119423 0.274366 0.382568 0.87413 
1305031459.591695070 -1.93844 0.146339 0.103165 0.118184 0.283925 0.400802 0.863005 
1305031459.627608061 -1.94754 0.138715 0.117186 0.115262 0.290181 0.416994 0.853596 
1305031459.659641027 -1.95818 0.138941 0.126548 0.115316 0.298042 0.417863 0.850449 
1305031459.691603899 -1.97461 0.131828 0.132987 0.10915 0.310059 0.423289 0.844261 
1305031459.727550983 -1.98416 0.114159 0.142694 0.100426 0.320848 0.426243 0.839814 
1305031459.791650057 -2.01062 0.0861122 0.163568 0.0996552 0.335781 0.418773 0.837824 
1305031459.827663898 -2.02581 0.0718455 0.172026 0.0980166 0.338031 0.416532 0.838229 
1305031459.859659910 -2.04285 0.0572112 0.180865 0.094739 0.338508 0.415803 0.838776 
1305031459.891596079 -2.05039 0.0412124 0.189647 0.0896346 0.334394 0.418966 0.839413 
1305031459.927607059 -2.05565 0.0250063 0.196667 0.0882861 0.331355 0.422983 0.838746 
1305031459.991724968 -2.07037 -0.0025879 0.213384 0.0839641 0.328674 0.430927 0.836197 
1305031460.027565002 -2.07141 -0.0189669 0.220184 0.0821 0.32787 0.434667 0.834761 
1305031460.059659004 -2.07889 -0.0359059 0.229255 0.082435 0.329398 0.436346 0.833249 
1305031460.091717005 -2.08913 -0.0568085 0.242597 0.0844313 0.328468 0.441786 0.830545 
1305031460.127690077 -2.09057 -0.0754096 0.252647 0.0899286 0.320772 0.450643 0.828214 
1305031460.159677982 -2.0956 -0.0850117 0.257755 0.0981981 0.311855 0.457853 0.826725 
1305031460.191559076 -2.09301 -0.0914552 0.261525 0.0994757 0.301008 0.465907 0.826093 
1305031460.227761030 -2.07643 -0.0976896 0.258442 0.0979253 0.291602 0.47225 0.82605 
1305031460.291688919 -2.07429 -0.118201 0.268505 0.0983401 0.307662 0.471278 0.820713 
1305031460.327512026 -2.07601 -0.131559 0.274795 0.0985213 0.317838 0.472319 0.816203 
1305031460.391611099 -2.07254 -0.149625 0.280031 0.0928024 0.333595 0.478398 0.806993 
1305031460.427476883 -2.07118 -0.161405 0.286465 0.0908326 0.34441 0.482608 0.800138 
1305031460.459619999 -2.07051 -0.168277 0.290699 0.0886228 0.356305 0.486257 0.792936 
1305031460.491503954 -2.07648 -0.175612 0.296481 0.0836501 0.370289 0.491877 0.783547 
1305031460.527570009 -2.07456 -0.186935 0.302348 0.0768346 0.380376 0.501163 0.773464 
1305031460.559647083 -2.06879 -0.196936 0.30759 0.0703789 0.388646 0.505295 0.767253 
1305031460.591855049 -2.06937 -0.208032 0.314423 0.0661814 0.398362 0.505888 0.762237 
1305031460.627624989 -2.06743 -0.219501 0.320642 0.0627658 0.40708 0.507815 0.756618 
1305031460.659764051 -2.07002 -0.230594 0.329654 0.0609122 0.416749 0.506409 0.752436 
1305031460.691670895 -2.07472 -0.243513 0.339975 0.0573278 0.422893 0.507031 0.748862 
1305031460.727674961 -2.07208 -0.253746 0.347056 0.0518292 0.42483 0.507938 0.747551 
1305031460.759666920 -2.06765 -0.26444 0.354798 0.0477258 0.429895 0.506824 0.745682 
1305031460.791660070 -2.06876 -0.278268 0.366398 0.0437652 0.435683 0.505627 0.743375 
1305031460.827660084 -2.06734 -0.287757 0.375375 0.038356 0.437578 0.503766 0.743824 
1305031460.859714031 -2.0636 -0.296168 0.381997 0.031034 0.440473 0.502111 0.743575 
1305031460.891773939 -2.05871 -0.308953 0.390639 0.0219983 0.445136 0.500174 0.742425 
1305031460.927561998 -2.05505 -0.32361 0.405772 0.0139219 0.450039 0.499462 0.740141 
1305031460.991667986 -2.03389 -0.34954 0.420608 0.00600687 0.455777 0.501514 0.735333 
1305031461.027620077 -2.02704 -0.364749 0.429448 0.00408516 0.459748 0.501714 0.732734 
1305031461.091727972 -2.01989 -0.379549 0.446736 0.00641284 0.46004 0.5005 0.733364 
1305031461.127585888 -2.00749 -0.387085 0.450747 0.00373559 0.459045 0.49965 0.734584 
1305031461.159719944 -1.99562 -0.397319 0.456092 0.00278568 0.459703 0.498022 0.735282 
1305031461.192013025 -1.99149 -0.403097 0.461766 0.00486559 0.461014 0.494023 0.737146 
1305031461.227607012 -1.98694 -0.407668 0.467992 0.00544426 0.462886 0.491305 0.737785 
1305031461.259641886 -1.97836 -0.416074 0.473649 0.00519901 0.463667 0.488284 0.7393 
1305031461.291656017 -1.97365 -0.417827 0.478746 0.00722833 0.464675 0.482322 0.742557 
1305031461.327750921 -1.96821 -0.415395 0.481626 0.00939769 0.466631 0.477436 0.744461 
1305031461.359709024 -1.973 -0.409266 0.490909 0.00959464 0.471989 0.471532 0.744843 
1305031461.391707897 -1.95832 -0.417619 0.497911 8.76526e-05 0.471361 0.474214 0.743599 
1305031461.427623987 -1.94986 -0.419873 0.501294 -0.00133809 0.472237 0.472526 0.744117 
1305031461.459780931 -1.94929 -0.416761 0.504246 -0.00353897 0.472003 0.474224 0.743177 
1305031461.491677046 -1.93568 -0.420027 0.509931 -0.00701514 0.473946 0.473869 0.742141 
1305031461.527704954 -1.92442 -0.426902 0.506406 -0.00905983 0.473089 0.474441 0.7423 
1305031461.559676886 -1.92332 -0.416268 0.498221 -0.00640771 0.473192 0.470766 0.744598 
1305031461.591690063 -1.92025 -0.411947 0.489761 -0.00725902 0.478258 0.467403 0.743472 
1305031461.627541065 -1.92014 -0.40689 0.488097 -0.00942213 0.484036 0.46627 0.740414 
1305031461.659621954 -1.91831 -0.40421 0.486648 -0.0122724 0.488793 0.465938 0.73745 
1305031461.691562891 -1.92327 -0.396963 0.485528 -0.0113768 0.492304 0.469182 0.733059 
1305031461.727602005 -1.91774 -0.39171 0.48115 -0.013873 0.492197 0.474574 0.729609 
1305031461.759684086 -1.92109 -0.38188 0.475218 -0.0134605 0.493901 0.475391 0.727932 
1305031461.791611910 -1.92354 -0.369618 0.469528 -0.015043 0.495856 0.478393 0.724597 
1305031461.827615023 -1.92255 -0.361036 0.465677 -0.0170637 0.500703 0.481446 0.719177 
1305031461.859766960 -1.93024 -0.350025 0.460625 -0.0168566 0.504177 0.486524 0.713313 
1305031461.891722918 -1.9388 -0.33842 0.459499 -0.0181142 0.505687 0.496365 0.705389 
1305031461.927757978 -1.93784 -0.32944 0.455441 -0.0226299 0.502846 0.507842 0.699093 
1305031461.959702969 -1.93683 -0.310451 0.446158 -0.0259065 0.504159 0.510283 0.69625 
1305031461.991590023 -1.95773 -0.291536 0.438894 -0.0257521 0.508283 0.512832 0.691367 
1305031462.027674913 -1.96114 -0.286599 0.443972 -0.0329063 0.508295 0.523893 0.682707 
1305031462.059837103 -1.96311 -0.281208 0.448027 -0.0345525 0.504378 0.535591 0.676425 
1305031462.091777086 -1.96637 -0.269014 0.444596 -0.0324471 0.497066 0.546974 0.672824 
1305031462.127738953 -1.97177 -0.255123 0.439399 -0.0311377 0.491153 0.5561 0.66974 
1305031462.159646034 -1.97601 -0.244722 0.43702 -0.0318135 0.487384 0.56257 0.667053 
1305031462.191641092 -1.98204 -0.232665 0.433852 -0.0330924 0.484879 0.563577 0.667966 
1305031462.227632999 -1.99302 -0.222939 0.433245 -0.0360865 0.484966 0.564012 0.66738 
1305031462.259764910 -1.99955 -0.216782 0.43617 -0.0421564 0.484032 0.563551 0.668091 
1305031462.291629076 -2.00649 -0.210665 0.439248 -0.048779 0.481581 0.561134 0.671438 
1305031462.327539921 -2.01307 -0.202264 0.438977 -0.0557863 0.47818 0.558414 0.675578 
1305031462.359731913 -2.02222 -0.195854 0.44257 -0.063103 0.477488 0.554816 0.678383 
1305031462.391695023 -2.03256 -0.192399 0.450377 -0.0719115 0.475437 0.552939 0.680475 
1305031462.427634954 -2.04125 -0.186754 0.455536 -0.0803527 0.47025 0.550957 0.68473 
1305031462.459897041 -2.05069 -0.189242 0.467123 -0.0856557 0.469491 0.556748 0.679906 
1305031462.492007971 -2.0592 -0.181511 0.467497 -0.0946609 0.459777 0.554941 0.686794 
1305031462.527669907 -2.06654 -0.176535 0.471879 -0.101855 0.452455 0.551454 0.693403 
1305031462.559861898 -2.07258 -0.168348 0.468831 -0.106372 0.441766 0.546765 0.703261 
1305031462.591861963 -2.08015 -0.161096 0.466316 -0.109346 0.438074 0.539051 0.711026 
1305031462.627851009 -2.08786 -0.154701 0.462031 -0.112788 0.434439 0.53067 0.718979 
1305031462.659660101 -2.09324 -0.149369 0.457875 -0.115458 0.431986 0.521819 0.726473 
1305031462.692548037 -2.10343 -0.147146 0.455719 -0.115941 0.431245 0.512281 0.73359 
1305031462.727652073 -2.11354 -0.143162 0.44979 -0.117259 0.425062 0.503418 0.743063 
1305031462.759782076 -2.12194 -0.136393 0.441872 -0.119101 0.41729 0.494743 0.752937 
1305031462.791943073 -2.13058 -0.129669 0.433021 -0.120947 0.411509 0.487525 0.760494 
1305031462.827816010 -2.1399 -0.123185 0.423531 -0.122918 0.40534 0.483482 0.766052 
1305031462.859781981 -2.1438 -0.111926 0.408291 -0.126778 0.396394 0.480073 0.772223 
1305031462.891846895 -2.15024 -0.0983073 0.394051 -0.125783 0.394428 0.475122 0.776443 
1305031462.927607059 -2.15553 -0.0919209 0.380764 -0.126458 0.393641 0.473557 0.777688 
1305031462.959676027 -2.16072 -0.0827326 0.367552 -0.12477 0.390917 0.470482 0.781194 
1305031462.995549917 -2.16041 -0.0718495 0.35176 -0.121993 0.385412 0.465364 0.787408 
1305031463.027667046 -2.1621 -0.0626765 0.33617 -0.116174 0.381633 0.458179 0.794312 
1305031463.059809923 -2.17154 -0.0554404 0.321898 -0.109957 0.378313 0.450215 0.801308 
1305031463.095808983 -2.17425 -0.0432601 0.301835 -0.1073 0.370424 0.442518 0.809599 
1305031463.127549887 -2.17204 -0.0334588 0.28581 -0.104713 0.366696 0.433126 0.816683 
1305031463.159786940 -2.17497 -0.0259176 0.269948 -0.100758 0.364694 0.423584 0.823057 
1305031463.195657015 -2.1831 -0.0158165 0.252727 -0.0967021 0.362289 0.416036 0.828438 
1305031463.227783918 -2.1784 -0.0117237 0.23736 -0.101836 0.357511 0.411091 0.832358 
1305031463.260034084 -2.17535 -0.0016685 0.224405 -0.0966433 0.358055 0.404877 0.835782 
1305031463.295737028 -2.17828 0.00758247 0.208347 -0.092209 0.356814 0.40037 0.838978 
1305031463.327739000 -2.17332 0.0133943 0.195164 -0.0934745 0.351944 0.397685 0.842167 
1305031463.359750032 -2.16635 0.0225204 0.184802 -0.0892147 0.348403 0.393183 0.846205 
1305031463.395629883 -2.16571 0.0347148 0.168889 -0.0823965 0.343368 0.390081 0.85038 
1305031463.427716017 -2.16003 0.0472069 0.153245 -0.0800974 0.338249 0.38792 0.853633 
1305031463.459755898 -2.15212 0.0591198 0.138398 -0.0794741 0.335908 0.385308 0.855796 
1305031463.495629072 -2.14335 0.0707175 0.122256 -0.0801331 0.334909 0.384024 0.856703 
1305031463.527669907 -2.13289 0.0789618 0.109739 -0.080436 0.338738 0.381213 0.856424 
1305031463.559751034 -2.13231 0.0867418 0.0995833 -0.0764373 0.344483 0.379832 0.855112 
1305031463.595599890 -2.12559 0.093816 0.0852096 -0.0761786 0.341452 0.380914 0.855869 
1305031463.627588034 -2.10747 0.10165 0.0689856 -0.0754713 0.335137 0.379346 0.859118 
1305031463.659765959 -2.09202 0.101164 0.0549809 -0.0734819 0.334021 0.380214 0.859341 
1305031463.695640087 -2.08786 0.113511 0.0316858 -0.064049 0.329942 0.37586 0.863577 
1305031463.727587938 -2.07294 0.124859 0.00864592 -0.060401 0.323805 0.371308 0.86812 
1305031463.759674072 -2.05573 0.124646 -0.00674002 -0.0583858 0.326315 0.366706 0.869273 
1305031463.795646906 -2.04769 0.128081 -0.0298666 -0.0535604 0.327803 0.356878 0.873106 
1305031463.827760935 -2.03407 0.127653 -0.0532712 -0.0555868 0.326156 0.347732 0.877277 
1305031463.859910011 -2.01534 0.122005 -0.0722947 -0.0584116 0.326012 0.341565 0.879567 
1305031463.895648003 -2.0036 0.11901 -0.0942626 -0.0575657 0.326825 0.332937 0.882624 
1305031463.927664042 -1.99601 0.117111 -0.114325 -0.0565656 0.32592 0.325763 0.885694 
1305031463.959680080 -1.98225 0.110399 -0.132671 -0.0570606 0.321229 0.320664 0.88923 
1305031463.995820999 -1.96948 0.107705 -0.154371 -0.0537747 0.31614 0.314823 0.893337 
1305031464.027703047 -1.96288 0.107367 -0.176246 -0.0516242 0.312548 0.306497 0.897612 
1305031464.059652090 -1.94847 0.101835 -0.196526 -0.0523122 0.309845 0.298313 0.90126 
1305031464.095633984 -1.93741 0.0932701 -0.215369 -0.0519904 0.309695 0.289608 0.904164 
1305031464.127681017 -1.94037 0.0871952 -0.228612 -0.0488461 0.312299 0.282581 0.905667 
1305031464.159816980 -1.93469 0.0721884 -0.241181 -0.0466255 0.309449 0.280238 0.907488 
1305031464.195585012 -1.92853 0.0565134 -0.254522 -0.0404369 0.303416 0.276324 0.911015 
1305031464.227623940 -1.93225 0.0565959 -0.269883 -0.0273745 0.295406 0.271245 0.915648 
1305031464.259644032 -1.93674 0.0613475 -0.284608 -0.016358 0.282448 0.267881 0.920975 
1305031464.295666933 -1.92798 0.0638677 -0.3012 -0.011087 0.263863 0.263414 0.927829 
1305031464.327866077 -1.91223 0.0662104 -0.320922 -0.0074397 0.247134 0.258081 0.93395 
1305031464.359683990 -1.89634 0.0622402 -0.338026 -0.00381355 0.235907 0.252826 0.938303 
1305031464.395611048 -1.87754 0.067408 -0.361332 0.00198497 0.226326 0.243583 0.943101 
1305031464.427634001 -1.86432 0.0721676 -0.38174 0.00397822 0.222547 0.234302 0.94634 
1305031464.459688902 -1.85541 0.0644664 -0.396727 0.00351944 0.220288 0.225353 0.94904 
1305031464.495632887 -1.83978 0.0635181 -0.419329 0.00425728 0.215426 0.219263 0.951576 
1305031464.527574062 -1.83133 0.0657541 -0.438866 0.0056859 0.214715 0.211298 0.953529 
1305031464.559703112 -1.81642 0.0693625 -0.460733 0.00496293 0.210726 0.201383 0.956564 
1305031464.595698118 -1.7905 0.0484676 -0.476595 0.000643655 0.214323 0.191337 0.957839 
1305031464.627671957 -1.77613 0.0430358 -0.498853 0.00766672 0.225169 0.181583 0.957219 
1305031464.659749031 -1.76 0.0328509 -0.521397 0.0121885 0.235036 0.168052 0.957271 
1305031464.695662975 -1.74257 0.00607471 -0.537152 0.0165933 0.244551 0.150581 0.957729 
1305031464.727652073 -1.75258 -0.00558771 -0.549355 0.0300204 0.255717 0.132053 0.95722 
1305031464.759740114 -1.75878 0.00295955 -0.563983 0.0432402 0.257583 0.111623 0.958813 
1305031464.796020985 -1.75723 -0.0062501 -0.563911 0.0480717 0.254015 0.0927335 0.961543 
1305031464.827759027 -1.76132 -0.0111722 -0.560016 0.0578981 0.244969 0.0772216 0.964715 
1305031464.859653950 -1.75169 0.0058191 -0.566615 0.0675775 0.22683 0.0611442 0.969661 
1305031464.895817041 -1.72932 0.0123458 -0.574025 0.0660748 0.206726 0.0416515 0.975276 
1305031464.927798986 -1.69974 -0.00571206 -0.576188 0.059493 0.19031 0.0217344 0.979679 
1305031464.959763050 -1.6732 -0.0201296 -0.577776 0.0592145 0.18122 0.00398005 0.98165 
1305031464.995687008 -1.64958 -0.0180819 -0.580734 0.0639216 0.176238 -0.0144324 0.982164 
1305031465.027822971 -1.63673 -0.0192463 -0.574694 0.0650276 0.174555 -0.0350701 0.981872 
1305031465.059748888 -1.64078 -0.00243309 -0.5606 0.071666 0.172275 -0.0550596 0.980894 
1305031465.095700026 -1.62833 0.0429702 -0.56819 0.0761078 0.160814 -0.0695401 0.981586 
1305031465.127664089 -1.60688 0.0585561 -0.556178 0.0596794 0.14522 -0.0826593 0.984133 
1305031465.159842014 -1.59332 0.0621736 -0.536141 0.0416742 0.133384 -0.0912301 0.985976 
1305031465.195564032 -1.57528 0.0662783 -0.519097 0.0280729 0.121374 -0.0979764 0.987361 
1305031465.227906942 -1.55535 0.0833241 -0.505862 0.0179792 0.110733 -0.102703 0.988366 
1305031465.259807110 -1.54364 0.0848193 -0.486439 0.00484198 0.102277 -0.103795 0.989314 
1305031465.295623064 -1.52765 0.0981603 -0.474254 0.00165516 0.091934 -0.0943587 0.991283 
1305031465.327673912 -1.51248 0.1137 -0.462753 -0.00325358 0.0791572 -0.0814871 0.993521 
1305031465.359947920 -1.49939 0.11522 -0.447798 -0.00894472 0.0639097 -0.0694973 0.995493 
1305031465.395586014 -1.47734 0.112343 -0.440404 -0.0123158 0.0453831 -0.059494 0.99712 
1305031465.427696943 -1.44205 0.122239 -0.443361 -0.00870434 0.0265406 -0.0472069 0.998495 
1305031465.460124969 -1.41615 0.140782 -0.446639 -0.00288116 0.0131843 -0.0332291 0.999357 
1305031465.495702982 -1.38689 0.164065 -0.450654 -0.000488226 -0.000722114 -0.0219583 0.999759 
1305031465.527621984 -1.3616 0.166962 -0.447827 -0.00240087 -0.0130626 -0.0168901 0.999769 
1305031465.559812069 -1.33825 0.174823 -0.447809 0.00272103 -0.0221663 -0.0133218 0.999662 
1305031465.595598936 -1.30769 0.196474 -0.453491 0.0119064 -0.0304669 -0.00399173 0.999457 
1305031465.627687931 -1.2898 0.217722 -0.457235 0.020191 -0.0353537 0.0051227 0.999158 
1305031465.660059929 -1.27309 0.23156 -0.462968 0.0245687 -0.0438654 0.0124982 0.998657 
1305031465.695667982 -1.24494 0.246514 -0.467518 0.0305745 -0.0527987 0.0190429 0.997955 
1305031465.727682114 -1.22181 0.265701 -0.472325 0.0392134 -0.0574882 0.028384 0.997172 
1305031465.759766102 -1.20016 0.288631 -0.478372 0.048247 -0.062603 0.0367394 0.996194 
1305031465.795937061 -1.17042 0.311561 -0.480203 0.0559733 -0.0691045 0.043334 0.995095 
1305031465.827996016 -1.14712 0.325938 -0.48188 0.0648012 -0.0730101 0.0473267 0.994098 
1305031465.859860897 -1.1211 0.355681 -0.488608 0.0778914 -0.0765374 0.0519667 0.99266 
1305031465.895493984 -1.08751 0.385627 -0.487521 0.0840357 -0.0772037 0.0563672 0.991867 
1305031465.927495003 -1.06265 0.398427 -0.487642 0.088649 -0.0716086 0.0574942 0.991821 
1305031465.959709883 -1.04173 0.422748 -0.491323 0.100958 -0.0644549 0.0561506 0.991211 
1305031465.995753050 -1.02834 0.451568 -0.496177 0.111702 -0.0573218 0.0521868 0.990714 
1305031466.027643919 -1.01817 0.477478 -0.503925 0.118997 -0.0527241 0.0504113 0.990211 
1305031466.059756994 -1.00538 0.508587 -0.509093 0.120834 -0.0507816 0.0513196 0.990044 
1305031466.095839977 -0.99599 0.528513 -0.514624 0.116969 -0.0512813 0.0517704 0.990459 
1305031466.127640009 -0.983475 0.547201 -0.520875 0.111843 -0.055657 0.0519385 0.990806 
1305031466.160428047 -0.974576 0.564897 -0.530289 0.107336 -0.0597561 0.0539447 0.990958 
1305031466.195832968 -0.964734 0.585381 -0.540389 0.10105 -0.0684012 0.0543337 0.991039 
1305031466.227951050 -0.94548 0.596873 -0.549002 0.0899519 -0.0795142 0.0497631 0.991519 
1305031466.259814978 -0.916955 0.59593 -0.556172 0.0835751 -0.0867265 0.0424781 0.991811 
1305031466.295737028 -0.89181 0.60869 -0.567615 0.0861035 -0.0846714 0.0315098 0.992181 
1305031466.327702045 -0.869939 0.625326 -0.582455 0.0878637 -0.0774347 0.0224213 0.992865 
1305031466.359828949 -0.857283 0.634064 -0.596228 0.0819315 -0.0683893 0.0167695 0.994147 
1305031466.395783901 -0.849084 0.6256 -0.608705 0.0769491 -0.0628296 0.0122153 0.994978 
1305031466.427819014 -0.846128 0.631303 -0.62662 0.0800187 -0.0603604 0.00766306 0.994935 
1305031466.459789991 -0.827248 0.650372 -0.636526 0.0829336 -0.0672259 0.00412523 0.994276 
1305031466.495809078 -0.802892 0.660179 -0.643201 0.0795919 -0.0736664 0.00350778 0.994096 
1305031466.527538061 -0.775644 0.664248 -0.647056 0.0766419 -0.0749359 0.00352337 0.994232 
1305031466.560353041 -0.756253 0.680612 -0.655729 0.0768507 -0.0720274 0.00245677 0.994435 
1305031466.595936060 -0.734004 0.695589 -0.660063 0.0713755 -0.0739647 -0.000203622 0.994703 
1305031466.627548933 -0.705064 0.689683 -0.661079 0.0626106 -0.074744 -0.00527631 0.995221 
1305031466.659687996 -0.68648 0.68151 -0.663684 0.0614532 -0.0717682 -0.0114195 0.995461 
1305031466.695822001 -0.666007 0.708433 -0.673033 0.0686112 -0.0740282 -0.0188222 0.994715 
1305031466.728074074 -0.639967 0.714518 -0.673034 0.0634059 -0.0798032 -0.0285448 0.994382 
1305031466.759637117 -0.619381 0.704057 -0.67327 0.0610416 -0.0797911 -0.0375672 0.994231 
1305031466.795603991 -0.609746 0.71085 -0.681413 0.0665492 -0.077439 -0.0453303 0.99374 
1305031466.827878952 -0.592397 0.725053 -0.683874 0.0677784 -0.0822678 -0.0483243 0.993128 
1305031466.859664917 -0.579746 0.720576 -0.686276 0.0642972 -0.0878337 -0.0480241 0.992897 
1305031466.895694017 -0.574001 0.721013 -0.69469 0.0654708 -0.0950686 -0.0498247 0.992065 
1305031466.927756071 -0.554925 0.725359 -0.697766 0.0667033 -0.110596 -0.0529205 0.990211 
1305031466.959728003 -0.528756 0.724231 -0.698421 0.0669146 -0.124504 -0.0545902 0.988454 
1305031466.995712042 -0.506018 0.728164 -0.699302 0.068845 -0.132152 -0.0571302 0.987184 
1305031467.027842999 -0.487026 0.732033 -0.700272 0.0706201 -0.137743 -0.0611299 0.986054 
1305031467.059700012 -0.462811 0.736367 -0.701312 0.0720629 -0.143512 -0.0642723 0.984927 
1305031467.095686913 -0.442733 0.745378 -0.699684 0.0741534 -0.14757 -0.0687381 0.98387 
1305031467.128973961 -0.429371 0.743574 -0.700623 0.0740991 -0.150052 -0.0793541 0.982699 
1305031467.159660101 -0.415677 0.74534 -0.702426 0.0763368 -0.152696 -0.0875614 0.981422 
1305031467.195662975 -0.405613 0.74677 -0.706476 0.0774339 -0.155924 -0.092579 0.980368 
1305031467.227704048 -0.39236 0.748694 -0.708195 0.0786448 -0.162527 -0.0980572 0.978665 
1305031467.259694099 -0.376724 0.748525 -0.709576 0.0802608 -0.168519 -0.103158 0.976994 
1305031467.295845985 -0.363513 0.751899 -0.712408 0.0832367 -0.173343 -0.109518 0.975208 
1305031467.328007936 -0.34978 0.755892 -0.716263 0.0853687 -0.17847 -0.114791 0.973491 
1305031467.359653950 -0.336596 0.765971 -0.72064 0.0852089 -0.183873 -0.117041 0.97223 
1305031467.395756006 -0.321954 0.767326 -0.722309 0.0797567 -0.191396 -0.122011 0.970629 
1305031467.427783012 -0.306884 0.763461 -0.724615 0.0767491 -0.197594 -0.126219 0.96909 
1305031467.459692001 -0.293777 0.766988 -0.730869 0.0775144 -0.202904 -0.12865 0.967611 
1305031467.496057987 -0.274735 0.783804 -0.732983 0.0796311 -0.209887 -0.132504 0.965427 
1305031467.527662992 -0.253282 0.783355 -0.732468 0.0755754 -0.214877 -0.139689 0.963641 
1305031467.559762955 -0.238707 0.779025 -0.732264 0.0747255 -0.216263 -0.142759 0.962947 
1305031467.595988989 -0.226301 0.778523 -0.734253 0.0742814 -0.217346 -0.142106 0.962834 
1305031467.627532005 -0.219775 0.754024 -0.736646 0.0677676 -0.221058 -0.142769 0.962371 
1305031467.659626007 -0.206935 0.739245 -0.736643 0.0700643 -0.227339 -0.141286 0.960961 
1305031467.695885897 -0.188125 0.73973 -0.731167 0.0749777 -0.234033 -0.142233 0.958841 
1305031467.727535009 -0.174343 0.732083 -0.717151 0.079816 -0.239258 -0.146311 0.956545 
1305031467.759907007 -0.164465 0.725378 -0.7089 0.0864981 -0.242148 -0.148587 0.954885 
1305031467.796075106 -0.153691 0.72233 -0.697614 0.0923772 -0.246684 -0.150991 0.952793 
1305031467.827800035 -0.14897 0.705652 -0.687334 0.0946864 -0.24909 -0.152702 0.951667 
1305031467.859729052 -0.145092 0.695544 -0.677658 0.101263 -0.25292 -0.150028 0.950405 
1305031467.895946980 -0.139213 0.693994 -0.667173 0.107968 -0.259977 -0.149012 0.947919 
1305031467.927753925 -0.13216 0.682504 -0.65088 0.110888 -0.268537 -0.1518 0.944748 
1305031467.959825993 -0.123129 0.666757 -0.636051 0.116124 -0.275054 -0.153121 0.942027 
1305031467.995754004 -0.108218 0.668506 -0.62331 0.122146 -0.278692 -0.154475 0.939973 
1305031468.028106928 -0.103118 0.653992 -0.606448 0.120405 -0.27986 -0.158355 0.939204 
1305031468.059849977 -0.102465 0.63445 -0.592129 0.123413 -0.28196 -0.161366 0.937672 
1305031468.095866919 -0.0948437 0.629416 -0.576889 0.127177 -0.286196 -0.162856 0.935626 
1305031468.127815962 -0.0907929 0.611674 -0.55746 0.124876 -0.289761 -0.164312 0.934583 
1305031468.159863949 -0.0844321 0.593306 -0.541827 0.125202 -0.29306 -0.167443 0.932954 
1305031468.195985079 -0.075918 0.579979 -0.524006 0.125284 -0.295615 -0.17067 0.931551 
1305031468.228157997 -0.0687996 0.557449 -0.506831 0.12183 -0.29731 -0.171066 0.931397 
1305031468.259753942 -0.0600612 0.53728 -0.490331 0.120099 -0.298343 -0.169623 0.931555 
1305031468.295830011 -0.0539393 0.518152 -0.475101 0.118423 -0.298069 -0.169864 0.931814 
1305031468.327847004 -0.050123 0.489466 -0.46346 0.116413 -0.296628 -0.168297 0.932811 
1305031468.359786987 -0.0431569 0.475431 -0.456097 0.119504 -0.294144 -0.163723 0.93402 
1305031468.395859957 -0.0404162 0.465959 -0.448809 0.118462 -0.29197 -0.163466 0.934879 
1305031468.428025007 -0.0401917 0.441728 -0.442491 0.1128 -0.291116 -0.163859 0.935777 
1305031468.459758997 -0.0358119 0.420388 -0.438257 0.110198 -0.291381 -0.16216 0.9363 
1305031468.495809078 -0.0329031 0.405172 -0.432506 0.108436 -0.289148 -0.163035 0.937046 
1305031468.527755976 -0.0369097 0.38092 -0.434 0.107185 -0.283617 -0.168917 0.937838 
1305031468.559739113 -0.0408894 0.356842 -0.433295 0.111559 -0.282853 -0.177033 0.93606 
1305031468.595767975 -0.0400965 0.349721 -0.436074 0.116472 -0.282395 -0.182466 0.934555 
1305031468.627625942 -0.0453163 0.332256 -0.434479 0.110042 -0.282883 -0.184581 0.934771 
1305031468.659579039 -0.0602409 0.303606 -0.436026 0.104979 -0.284014 -0.187029 0.934524 
1305031468.695835114 -0.0674136 0.281777 -0.437061 0.107628 -0.289369 -0.190622 0.93185 
1305031468.727785110 -0.0704763 0.267934 -0.434976 0.11191 -0.295667 -0.191461 0.929193 
1305031468.759628057 -0.0727767 0.253142 -0.431648 0.113146 -0.300743 -0.191868 0.927329 
1305031468.795795918 -0.076404 0.228958 -0.428176 0.115197 -0.303884 -0.196442 0.925091 
1305031468.829246998 -0.0809758 0.214966 -0.428232 0.123599 -0.305328 -0.202222 0.922282 
1305031468.859658957 -0.0731053 0.211474 -0.421922 0.128979 -0.307127 -0.205621 0.920194 
1305031468.895873070 -0.0735425 0.198313 -0.418049 0.126579 -0.303523 -0.207674 0.921262 
1305031468.928141117 -0.0776525 0.188717 -0.415865 0.122454 -0.297992 -0.205107 0.924195 
1305031468.959594011 -0.0795316 0.188186 -0.417854 0.117329 -0.291773 -0.20199 0.927525 
1305031468.995711088 -0.0722753 0.202021 -0.424157 0.110382 -0.288426 -0.203511 0.929091 
1305031469.027698994 -0.0800374 0.189263 -0.417696 0.0904808 -0.285085 -0.211376 0.930516 
1305031469.059832096 -0.0924815 0.175509 -0.414264 0.0754121 -0.28216 -0.219876 0.930781 
1305031469.095722914 -0.0904429 0.170137 -0.402285 0.0651454 -0.282641 -0.230707 0.928786 
1305031469.127679110 -0.0911595 0.158613 -0.388397 0.0524538 -0.277176 -0.24181 0.928413 
1305031469.159703016 -0.0986141 0.149175 -0.377914 0.0416604 -0.267328 -0.250388 0.929573 
1305031469.195539951 -0.110267 0.139513 -0.367823 0.0326311 -0.256127 -0.257112 0.93125 
1305031469.227754116 -0.123772 0.135179 -0.362157 0.0275291 -0.247585 -0.260936 0.932661 
1305031469.259586096 -0.13134 0.13079 -0.35334 0.0214143 -0.243339 -0.2653 0.932708 
1305031469.296753883 -0.137066 0.127679 -0.342066 0.016137 -0.23835 -0.267985 0.933334 
1305031469.327617884 -0.142522 0.129993 -0.332265 0.0111865 -0.234577 -0.269658 0.93388 
1305031469.359591961 -0.136035 0.12797 -0.312942 0.00483875 -0.233799 -0.272635 0.933266 
1305031469.395694971 -0.138254 0.122369 -0.297217 0.00180071 -0.224783 -0.276846 0.934251 
1305031469.427650928 -0.14114 0.127342 -0.285987 0.00343521 -0.213549 -0.281601 0.93546 
1305031469.459667921 -0.147991 0.132505 -0.273929 0.00331229 -0.203952 -0.287781 0.935721 
1305031469.495743990 -0.161126 0.139065 -0.264586 0.00252118 -0.195869 -0.291777 0.936213 
1305031469.527621984 -0.165909 0.150537 -0.255112 0.000949152 -0.19464 -0.292703 0.936183 
1305031469.559644938 -0.166007 0.15848 -0.240644 -0.00478955 -0.196684 -0.293221 0.935582 
1305031469.595755100 -0.166966 0.167966 -0.227244 -0.0119049 -0.197416 -0.293367 0.935319 
1305031469.627752066 -0.164279 0.177201 -0.211619 -0.0198039 -0.198258 -0.29214 0.935391 
1305031469.659590006 -0.172277 0.182617 -0.197313 -0.0270381 -0.193711 -0.292632 0.936008 
1305031469.695612907 -0.174029 0.193717 -0.184341 -0.030634 -0.19083 -0.291369 0.936883 
1305031469.727679014 -0.179321 0.203827 -0.1719 -0.0360027 -0.186094 -0.290146 0.938024 
1305031469.759598970 -0.182962 0.217387 -0.160164 -0.0404374 -0.182507 -0.287704 0.939299 
1305031469.795620918 -0.190988 0.231204 -0.148115 -0.0452493 -0.18133 -0.284919 0.940156 
1305031469.827526093 -0.199353 0.241807 -0.13944 -0.0523532 -0.182115 -0.283896 0.939945 
1305031469.859574080 -0.20883 0.257989 -0.13055 -0.0586846 -0.182755 -0.281854 0.940061 
1305031469.895755053 -0.21993 0.27126 -0.122978 -0.0653792 -0.182772 -0.279938 0.940189 
1305031469.927854061 -0.232911 0.28546 -0.115797 -0.070939 -0.182884 -0.278022 0.940332 
1305031469.959805012 -0.243766 0.300212 -0.110219 -0.0736476 -0.185465 -0.275802 0.940272 
1305031469.995551109 -0.253511 0.316432 -0.105588 -0.0750411 -0.18758 -0.27312 0.940525 
1305031470.027693987 -0.264637 0.331109 -0.102272 -0.0778471 -0.188914 -0.271516 0.940495 
1305031470.059638023 -0.277108 0.346053 -0.100228 -0.0803455 -0.188614 -0.271184 0.940441 
1305031470.095943928 -0.289483 0.359967 -0.0998582 -0.0826606 -0.187916 -0.269274 0.940928 
1305031470.127633095 -0.30049 0.378495 -0.101878 -0.0842765 -0.186952 -0.266356 0.941807 
1305031470.159626007 -0.315138 0.393854 -0.10274 -0.0878766 -0.186142 -0.263516 0.942437 
1305031470.196091890 -0.328197 0.408576 -0.105721 -0.0904341 -0.186422 -0.259267 0.943318 
1305031470.227617979 -0.340262 0.422517 -0.109883 -0.0942787 -0.185268 -0.255644 0.944158 
1305031470.259964943 -0.353084 0.435281 -0.113289 -0.0993191 -0.183952 -0.252717 0.944686 
1305031470.295717955 -0.366724 0.448188 -0.117922 -0.105638 -0.180552 -0.249597 0.945485 
1305031470.327644110 -0.381273 0.460147 -0.121077 -0.113355 -0.178851 -0.246968 0.945605 
1305031470.359623909 -0.396113 0.47224 -0.124643 -0.119734 -0.178458 -0.242189 0.94613 
1305031470.395823002 -0.409571 0.483359 -0.128616 -0.124934 -0.179074 -0.238409 0.946301 
1305031470.427640915 -0.424575 0.492067 -0.132319 -0.129702 -0.179318 -0.238755 0.945526 
1305031470.459721088 -0.440914 0.500147 -0.137239 -0.132271 -0.177861 -0.238176 0.945591 
1305031470.495686054 -0.454488 0.508711 -0.142126 -0.131703 -0.178466 -0.236582 0.945956 
1305031470.527688980 -0.465697 0.516284 -0.146141 -0.131501 -0.179512 -0.236686 0.94576 
1305031470.559676886 -0.477068 0.523872 -0.149896 -0.132347 -0.178377 -0.23743 0.94567 
1305031470.595760107 -0.490622 0.530771 -0.153832 -0.133792 -0.175411 -0.235198 0.946579 
1305031470.627728939 -0.502275 0.538661 -0.157066 -0.135777 -0.173329 -0.23243 0.947364 
1305031470.659689903 -0.514101 0.544354 -0.159118 -0.13835 -0.172336 -0.228149 0.948213 
1305031470.695630074 -0.524351 0.550658 -0.161545 -0.140693 -0.172817 -0.225524 0.948408 
1305031470.727653980 -0.535026 0.551292 -0.161876 -0.144936 -0.174169 -0.225589 0.947506 
1305031470.759681940 -0.540451 0.55455 -0.162603 -0.146484 -0.174617 -0.226589 0.946947 
1305031470.795614958 -0.54895 0.56189 -0.164971 -0.145514 -0.168422 -0.219941 0.949782 
1305031470.827831030 -0.564344 0.561586 -0.165949 -0.147148 -0.163895 -0.216776 0.951049 
1305031470.859644890 -0.576076 0.562302 -0.168404 -0.144169 -0.162447 -0.211832 0.952866 
1305031470.895721912 -0.585573 0.565339 -0.172521 -0.140015 -0.162459 -0.208315 0.954258 
1305031470.927684069 -0.599135 0.560525 -0.17393 -0.142293 -0.163009 -0.207645 0.953973 
1305031470.959646940 -0.610495 0.555576 -0.174315 -0.138446 -0.166355 -0.205565 0.954412 
1305031470.995995998 -0.616046 0.556601 -0.179679 -0.129069 -0.168271 -0.202435 0.956057 
1305031471.027643919 -0.62395 0.553467 -0.182123 -0.122433 -0.167238 -0.200146 0.957593 
1305031471.059636116 -0.633689 0.551357 -0.186678 -0.114383 -0.163437 -0.19613 0.960072 
1305031471.095777035 -0.643974 0.551458 -0.193007 -0.107496 -0.15962 -0.190123 0.962714 
1305031471.127662897 -0.653083 0.548773 -0.196829 -0.104213 -0.158403 -0.184454 0.964378 
1305031471.159648895 -0.657691 0.548532 -0.200776 -0.0983932 -0.158791 -0.177546 0.96622 
1305031471.195703030 -0.661814 0.549865 -0.204758 -0.0946885 -0.156765 -0.170933 0.968112 
1305031471.227569103 -0.668819 0.551047 -0.207748 -0.0937476 -0.152911 -0.165731 0.969723 
1305031471.259721994 -0.676163 0.550195 -0.208725 -0.0945748 -0.150482 -0.16256 0.970559 
1305031471.296067953 -0.682816 0.547273 -0.208695 -0.095189 -0.148046 -0.158524 0.971541 
1305031471.327641964 -0.684686 0.545749 -0.209947 -0.0920503 -0.145825 -0.154856 0.97277 
1305031471.359615088 -0.686909 0.54717 -0.213437 -0.0898094 -0.138621 -0.152301 0.974435 
1305031471.395730019 -0.69586 0.54417 -0.214436 -0.0902569 -0.129327 -0.148511 0.976254 
1305031471.427704096 -0.705045 0.544416 -0.218601 -0.0865211 -0.123982 -0.141449 0.978333 
1305031471.459646940 -0.7091 0.546055 -0.222944 -0.0850134 -0.123986 -0.136145 0.979216 
1305031471.496490955 -0.712883 0.54559 -0.225188 -0.0862951 -0.123549 -0.132103 0.979713 
1305031471.527623892 -0.71734 0.544312 -0.227659 -0.0875422 -0.122567 -0.127813 0.980295 
1305031471.559670925 -0.718355 0.544133 -0.230625 -0.0879082 -0.121883 -0.125443 0.980653 
1305031471.595701933 -0.719956 0.543018 -0.233228 -0.0884715 -0.118077 -0.123293 0.981341 
1305031471.627620935 -0.722529 0.542347 -0.236489 -0.0882626 -0.113136 -0.121681 0.982142 
1305031471.659641981 -0.725462 0.54131 -0.239507 -0.0871949 -0.107619 -0.118858 0.983203 
1305031471.695609093 -0.729042 0.542942 -0.244232 -0.0846454 -0.101946 -0.113808 0.984627 
1305031471.727500916 -0.730472 0.545339 -0.248479 -0.0846048 -0.097768 -0.109234 0.985572 
1305031471.759701967 -0.730568 0.544422 -0.249639 -0.0864866 -0.0937558 -0.10351 0.986416 
1305031471.795800924 -0.731052 0.546549 -0.25246 -0.0852841 -0.0870142 -0.0952299 0.987971 
1305031471.827639103 -0.73517 0.552278 -0.256234 -0.0865773 -0.0797413 -0.0886595 0.989083 
1305031471.859664917 -0.737164 0.553392 -0.256258 -0.0908167 -0.0760447 -0.0826756 0.989512 
1305031471.895603895 -0.73872 0.557166 -0.258081 -0.0935722 -0.0716765 -0.0757726 0.990134 
1305031471.927650928 -0.739126 0.559737 -0.258325 -0.0989829 -0.0674919 -0.0720859 0.990177 
1305031471.959642887 -0.740082 0.557743 -0.255288 -0.102365 -0.0620801 -0.071014 0.990265 
1305031471.995573044 -0.745213 0.563965 -0.259119 -0.100533 -0.0519101 -0.0658756 0.991392 
1305031472.027637959 -0.750564 0.568853 -0.259606 -0.105891 -0.0448283 -0.0636228 0.991327 
1305031472.059668064 -0.754585 0.567456 -0.256383 -0.110898 -0.0400454 -0.0616695 0.991108 
1305031472.095601082 -0.759144 0.571329 -0.257782 -0.110121 -0.033868 -0.0555035 0.991789 
1305031472.127593994 -0.764865 0.578334 -0.260428 -0.112096 -0.0295074 -0.0522373 0.991885 
1305031472.159645081 -0.768776 0.575264 -0.255476 -0.117983 -0.0289365 -0.0515692 0.991253 
1305031472.195682049 -0.77366 0.573055 -0.253213 -0.116877 -0.0269482 -0.0470669 0.991664 
1305031472.227626085 -0.776683 0.575076 -0.255088 -0.113942 -0.0254536 -0.0441031 0.992182 
1305031472.263839960 -0.77776 0.572248 -0.253308 -0.113102 -0.0250579 -0.0441089 0.992288 
1305031472.295670986 -0.779797 0.570285 -0.253671 -0.107364 -0.0228785 -0.0415426 0.993088 
1305031472.327677965 -0.783518 0.573134 -0.257471 -0.100448 -0.0197377 -0.0391246 0.993977 
1305031472.363576889 -0.786466 0.574504 -0.259739 -0.0991192 -0.0184213 -0.0380114 0.994179 
1305031472.395598888 -0.788988 0.571362 -0.258881 -0.100444 -0.0194937 -0.0370533 0.994061 
1305031472.427685976 -0.78896 0.56794 -0.258387 -0.0996206 -0.0231773 -0.0363368 0.994092 
1305031472.463603020 -0.787084 0.56596 -0.258763 -0.0978437 -0.0255841 -0.0368569 0.99419 
1305031472.495625973 -0.785396 0.564387 -0.259579 -0.0976253 -0.0246336 -0.037457 0.994213 
1305031472.527625084 -0.785605 0.558646 -0.257854 -0.0991562 -0.0226937 -0.0373942 0.99411 
1305031472.563586950 -0.786274 0.552627 -0.256949 -0.0962365 -0.0229005 -0.0357898 0.994451 
1305031472.595674992 -0.786 0.553259 -0.260169 -0.0904603 -0.023446 -0.0325746 0.995091 
1305031472.627701044 -0.784008 0.55084 -0.260197 -0.0903741 -0.0248331 -0.0306586 0.995126 
1305031472.663574934 -0.781855 0.546252 -0.258564 -0.0909943 -0.0260918 -0.0292302 0.99508 
1305031472.695755005 -0.780176 0.542176 -0.257443 -0.0900076 -0.0272441 -0.0277511 0.995182 
1305031472.727627993 -0.77805 0.538672 -0.256393 -0.0879356 -0.0287035 -0.0276227 0.995329 
1305031472.763577938 -0.775775 0.536481 -0.255891 -0.085624 -0.0292437 -0.0288463 0.99548 
1305031472.795639992 -0.774653 0.532928 -0.254431 -0.0843145 -0.028364 -0.0305346 0.995567 
1305031472.827626944 -0.775158 0.530493 -0.253487 -0.08179 -0.0268357 -0.0307621 0.995813 
1305031472.863598108 -0.776942 0.5299 -0.253278 -0.0791838 -0.0255368 -0.0296314 0.996092 
1305031472.895713091 -0.777779 0.530081 -0.252928 -0.0782607 -0.026169 -0.0275586 0.996208 
1305031472.927685022 -0.776053 0.527426 -0.251169 -0.0794642 -0.02801 -0.0258464 0.996109 
1305031472.963756084 -0.775253 0.526256 -0.250015 -0.0795576 -0.0281101 -0.0244508 0.996134 
1305031472.995703936 -0.776533 0.526329 -0.2493 -0.0799844 -0.0281317 -0.0236046 0.996119 
1305031473.027637959 -0.776159 0.526039 -0.248212 -0.0805672 -0.0297433 -0.023534 0.996027 
1305031473.063683987 -0.774639 0.524783 -0.246791 -0.0816137 -0.0311416 -0.0246957 0.995871 
1305031473.095695019 -0.77326 0.523589 -0.245782 -0.0816625 -0.0311082 -0.0261864 0.99583 
1305031473.127743959 -0.774599 0.522742 -0.245496 -0.0818074 -0.0293497 -0.0276959 0.995831 
1305031473.167059898 -0.776867 0.520542 -0.244946 -0.0821631 -0.0286705 -0.0280652 0.995811 
1305031473.196069002 -0.776033 0.51961 -0.245148 -0.0813351 -0.0298998 -0.0281394 0.995841 
